TERM konsole-256color

DIR 38;2;240;240;240;1
LINK 38;2;150;144;192;3
ORPHAN 38;2;150;144;192;48;2;140;0;0
MISSING 38;2;144;78;78
FIFO 38;2;100;100;100
SOCK 38;2;100;140;100
BLK 38;2;140;100;100
CHR 38;2;140;140;100
EXEC 38;2;30;250;150;1

#---------------------------------------------[ archives ]---
*.tar 38;2;60;130;40
*.tgz 38;2;60;130;40
*.arc 38;2;60;130;40
*.arj 38;2;60;130;40
*.taz 38;2;60;130;40
*.lha 38;2;60;130;40
*.lz4 38;2;60;130;40
*.lzh 38;2;60;130;40
*.lzma 38;2;60;130;40
*.tlz 38;2;60;130;40
*.txz 38;2;60;130;40
*.tzo 38;2;60;130;40
*.t7z 38;2;60;130;40
*.zip 38;2;60;130;40
*.z 38;2;60;130;40
*.Z 38;2;60;130;40
*.dz 38;2;60;130;40
*.gz 38;2;60;130;40
*.lrz 38;2;60;130;40
*.lz 38;2;60;130;40
*.lzo 38;2;60;130;40
*.xz 38;2;60;130;40
*.bz2 38;2;60;130;40
*.bz 38;2;60;130;40
*.tbz 38;2;60;130;40
*.tbz2 38;2;60;130;40
*.tz 38;2;60;130;40
*.war 38;2;60;130;40
*.ear 38;2;60;130;40
*.sar 38;2;60;130;40
*.rar 38;2;60;130;40
*.alz 38;2;60;130;40
*.ace 38;2;60;130;40
*.zoo 38;2;60;130;40
*.cpio 38;2;60;130;40
*.7z 38;2;60;130;40
*.rz 38;2;60;130;40
*.cab 38;2;60;130;40
# not quite archives
*.deb 38;2;80;180;60
*.rpm 38;2;80;180;60
*.jar 38;2;80;180;60
*.iso 38;2;80;180;60
*.gem 38;2;80;180;60
*.egg 38;2;80;180;60
*.apk 38;2;80;180;60

#---------------------------------------[ document files ]---
*.pdf 38;2;170;120;140
*.ps 38;2;170;120;140
*.ps.gz 38;2;170;120;140
*.dvi 38;2;170;120;140
*.chm 38;2;170;120;140

*.tex 38;2;120;180;140
*.rst 38;2;120;170;140
*.md 38;2;120;170;140
*.ascii 38;2;120;170;140
*.txt 38;2;170;120;140

*.yml 38;2;165;135;200
*.xml 38;2;165;135;200
*.xsl 38;2;204;51;255
*.dtd 38;2;102;51;204
*.xsd 38;2;200;110;170
*.entities 38;2;200;110;170
*.ui 38;2;153;204;102
*.rc 38;2;153;204;51
*.kcfg 38;2;153;224;51
*.docbook 38;2;165;165;200

*.doc 38;2;170;120;140
*.docx 38;2;170;120;140
*.djvu 38;2;170;120;140
*.fb2 38;2;170;120;140
*.ebook 38;2;170;120;140

#----------------------------------------[ misc files ]---
*.conf 38;2;105;175;135
*.cfg 38;2;200;200;200
*.ini 38;2;200;200;200
*.pid 38;2;100;100;100
*core 38;2;240;70;70;1;3
*.kcrash 38;2;100;100;100
*.sln 38;2;100;100;100
*.vcproj 38;2;100;100;100
*.vcxproj 38;2;100;100;100
*.vcxproj.filters 38;2;100;100;100
*.patch 38;2;60;120;150
*.diff 38;2;60;120;150
*.log 38;2;160;80;80
*.old 38;2;100;100;100
*.bak 38;2;100;100;100
*~ 38;2;100;100;100
*- 38;2;100;100;100
*.cache 38;2;100;100;100
*.tmp 38;2;100;100;100
.gitignore 38;2;100;100;100
.gitmodules 38;2;100;100;100
.kateconfig 38;2;100;100;100
*CMakeCache.txt 38;2;100;100;100
*.desktop 38;2;255;204;51
*.pyc 38;2;150;100;100
*.pyo 38;2;180;100;100
*.asc 38;2;182;51;51
*.crt 38;2;182;51;51
*.pem 38;2;182;51;51
*.so 38;2;204;153;0
*.a 38;2;80;180;60
*.o 38;2;100;100;100
*.lo 38;2;100;100;100
*.la 38;2;100;150;100

#----------------------------------------[ shell scripts ]---
*.sh 38;2;65;180;160
*.bash 38;2;65;180;160
*.zsh 38;2;65;180;160
*.tcl 38;2;65;180;160
*.csh 38;2;65;180;160
*.py 38;2;70;170;160
*.php 38;2;70;170;160
*.inc 38;2;70;170;160
*.pl 38;2;70;170;160
*.pm 38;2;70;170;160
*.rb 38;2;70;170;160
*.m4 38;2;65;180;160
*.awk 38;2;65;180;160
*.ebuild 38;2;100;220;80
*.eclass 38;2;110;200;70

#----------------------------------------------[ sources ]---
*.asm 38;2;65;150;160
*.h 38;2;65;150;160
*.c 38;2;65;150;160
*.hh 38;2;65;150;160
*.cc 38;2;65;150;160
*.hpp 38;2;65;150;160
*.cpp 38;2;65;150;160
*.hxx 38;2;65;150;160
*.cxx 38;2;65;150;160
*.inl 38;2;65;150;160
*.tcc 38;2;65;150;160
*.java 38;2;65;150;160
*.pas 38;2;65;150;160
*.for 38;2;65;150;160
*.idl 38;2;160;180;65
*.sip 38;2;160;180;65
*.sql 38;2;160;200;70
*.erl 38;2;65;150;160
*.qml 38;2;102;204;153

#--------------------------------[ various build systems ]---
*CMakeLists.txt 38;2;190;150;50
*.cmake 38;2;190;130;50
*.in 38;2;190;140;30
*.cmake.in 38;2;150;110;10
*Doxyfile 38;2;165;181;100
*Doxyfile.in 38;2;120;130;75
*.mk 38;2;190;180;50
*Makefile 38;2;190;180;50
*Makefile.am 38;2;180;190;50
*Makefile.in 38;2;160;150;20

#--------------------------------------[ web development ]---
*.js 38;2;65;150;160
*.css 38;2;125;145;50
*.less 38;2;140;165;55
*.html 38;2;110;185;90
*.htm 38;2;110;185;90


#---------------------------------------[ image formats ]---
*.eps 38;2;102;102;255
*.gif 38;2;102;102;255
*.jpeg 38;2;102;102;255
*.JPG 38;2;102;102;255
*.jpg 38;2;102;102;255
*.mng 38;2;102;102;255
*.png 38;2;102;102;255
*.svg 38;2;102;102;255
*.svgz 38;2;102;102;255
*.tif 38;2;102;102;255
*.tiff 38;2;102;102;255
*.xbm 38;2;102;102;255
*.xpm 38;2;102;102;255

#---------------------------------------[ video formats ]---
*.asf 38;2;102;153;204
*.AVI 38;2;102;153;204
*.avi 38;2;102;153;204
*.flc 38;2;102;153;204
*.flv 38;2;102;153;204
*.mkv 38;2;102;153;204
*.MOV 38;2;102;153;204
*.mov 38;2;102;153;204
*.mp4 38;2;102;153;204
*.mpeg 38;2;102;153;204
*.mpg 38;2;102;153;204
*.MTS 38;2;102;153;204
*.mts 38;2;102;153;204
*.VOB 38;2;102;153;204
*.vob 38;2;102;153;204
*.webm 38;2;102;153;204
*.wmv 38;2;102;153;204

#---------------------------------------[ audio formats ]---
*.aac 38;2;102;204;51
*.flac 38;2;102;204;51
*.mp3 38;2;102;204;51
*.ogg 38;2;102;204;51
*.wav 38;2;102;204;51
